n;tiempoMedio;Externo;Interno

 5000 	 8.545750e-02 	 5000 	 25000000 	 50000000
 10000 	 3.480670e-01 	 10000 	 100000000 	 200000000
 15000 	 8.123013e-01 	 15000 	 225000000 	 450000000
 20000 	 1.484677e+00 	 20000 	 400000000 	 800000000
 25000 	 2.341305e+00 	 25000 	 625000000 	 1250000000
 30000 	 3.365835e+00 	 30000 	 900000000 	 1800000000
 35000 	 4.616985e+00 	 35000 	 1225000000 	 2450000000
 40000 	 6.071498e+00 	 40000 	 1600000000 	 3200000000
 45000 	 7.773972e+00 	 45000 	 2025000000 	 4050000000
 50000 	 9.632350e+00 	 50000 	 2500000000 	 5000000000
